image: mymap_for_costmap.png
resolution: 0.050000
origin: [-10.800000, -9.300000, 0]
negate: 0
occupied_thresh: 0.65
free_thresh: 0.196
